500
1210
2332
4727
4281
3664
3798
4489
3395
4188
2941
2123
669
2736
1511
2215
2443
3275
4028
2368
4461
2121
3488
4547
2241
581
4215
1980
4270
3527
982
782
2229
2238
1874
4000
3050
1873
1751
4601
1372
4952
391
2684
3945
3180
4616
3216
37
3057
1199
1979
1576
276
298
4855
5120
2896
3112
3948
3667
3702
1270
1294
738
991
188
424
2006
1675
744
1498
2712
4815
631
4942
4324
828
1198
4709
4148
4632
679
326
4847
2455
3834
4701
3783
3405
8935
2371
3339
3409
2760
353
4518
4078
3417
4327
3597
2063
1713
782
1926
504
1216
4439
2383
2509
897
2970
174
4329
1641
3080
4148
1510
4780
3600
3777
3373
4504
620
1278
1143
2673
4343
1796
993
1550
1436
2406
1872
295
2897
4219
1742
3291
3801
4615
4281
4395
638
4986
3150
4524
3622
230
3757
1059
4692
2702
941
1386
541
2655
4286
2132
4475
3342
3101
3978
715
1741
3166
544
1329
3446
4898
1877
888
285
1102
3250
943
4568
889
6350
4030
1615
2898
1002
1756
3312
4721
2239
3845
4225
3836
2302
2833
2137
1518
3376
266
1521
4637
4758
2224
2251
4580
3997
3685
121
2197
3211
2162
4454
3186
1239
3825
3194
2346
3954
687
814
3423
4743
270
4413
2400
2737
3533
4702
405
4809
692
803
2952
4519
4497
1547
1684
2367
4843
1000
1947
3060
3090
4874
4384
4111
3224
3141
1107
2499
1466
2121
4195
1331
4108
3636
1920
507
4542
1895
1622
3318
4301
1623
3641
3691
1165
3750
2516
2131
1418
4194
3493
4769
1734
2967
550
2228
913
4692
624
645
3412
3441
3080
3605
4859
1525
4917
2455
2539
2215
2880
445
2244
2833
2832
382
1312
3156
2529
160
2876
121
1416
524
883
3337
1256
1217
1619
3797
948
3024
3625
4326
1439
933
4654
2562
517
3012
3628
3231
4717
1881
572
4375
5211
1906
784
1944
1377
2991
2050
3273
1177
2309
1391
2254
3610
456
1472
1561
97
332
3823
12
4521
3817
4678
1107
1886
2067
3256
4254
3345
519
366
2766
2494
1780
1591
3517
4574
2753
2623
2476
2149
1243
2129
1334
39
1083
4372
2436
4970
1023
3144
3396
2528
395
2906
4232
3185
4560
4475
2539
4460
4256
4525
1918
3516
4279
3055
4935
3081
1053
1416
945
1557
208
4095
3529
4059
643
3088
4212
3067
4987
4540
4426
2192
818
3852
2931
4648
2120
3853
3473
64
3286
4389
4128
3716
3176
1098
2061
3577
2723
766
2265
1782
3068
1173
1406
4900
867
2819
1874
2609
4887
3660
3292
3472
2926
2765
733
4042
238
3213
1697
1003
4497
3308
4391
4887
1581
2863
3137
1490
140
1886
608
4622
4749
3954
374
3929
4392
1241
469
4477
1583
72
546
676
3105
1275
1437
4860
3903
1287
1215
4092
2268
3862
4676
2870
2638
3885
4331
1630
3080
1396
4053
3304
4767
4234
3127
1854
3654
4819
1831
