300
35
21
23
8
47
35
9
32
24
27
46
27
16
16
35
16
21
31
24
37
34
11
36
14
11
37
14
14
21
8
20
18
18
13
14
20
10
17
14
17
17
16
12
20
13
10
21
11
17
13
10
35
21
23
8
47
35
9
32
24
27
46
27
16
16
35
16
21
31
24
37
34
11
36
14
11
37
14
14
21
8
20
18
18
13
14
20
10
17
14
17
17
16
12
20
13
10
21
11
17
13
10
135
113
145
114
103
27
47
19
117
29
127
27
47
19
35
9
32
35
21
23
8
47
35
9
32
24
27
46
27
16
16
35
16
21
31
24
37
34
11
36
14
11
37
14
14
21
8
20
18
18
13
14
20
10
17
14
17
17
16
12
20
13
10
21
11
17
13
10
35
21
23
8
47
35
9
32
24
27
46
27
16
16
35
16
21
31
24
37
34
11
36
14
11
37
14
14
21
8
20
18
18
13
14
20
10
17
14
17
17
16
12
20
13
10
21
11
17
13
10
35
21
23
8
47
35
9
32
24
27
46
27
16
16
35
16
21
31
24
37
34
11
36
14
11
37
14
14
21
8
20
18
18
13
14
20
10
17
14
17
17
16
12
20
13
10
21
11
17
13
10
7
27
47
19
117
29
35
21
23
8
47
35
9
32
24
27
46
27
16
16
35
16
21
31
24
37
34
11
